351.9093 521.5994 940.4250 930.5943 280.5065 597.1319 456.1550 516.1197 935.2257 4.1074 
711.4997 385.5651 921.9535 515.6076 170.7356 84.6044 728.0310 468.6527 548.4897 520.5338 678.7870 740.9819 898.7477 871.1737 323.8255 262.5622 923.4216 185.5992 170.2930 34.3858 
849.8644 522.2023 555.9852 790.2894 452.7967 836.4918 387.4213 908.9516 352.6114 322.6470 
913.0590 64.1111 708.2121 835.0125 579.7187 878.9477 919.6168 307.7496 347.6004 468.1065 828.2834 26.3873 209.0884 727.0312 897.5611 532.9139 989.5933 820.9826 718.5131 159.8864 
576.2447 152.1012 63.3707 600.7286 136.6299 3.3188 80.1605 138.6889 858.5560 505.2153 
455.0284 105.0813 688.6665 286.6539 215.5713 941.4773 491.2889 289.4279 693.3308 734.6720 
977.0482 277.3176 795.5413 999.1953 933.7546 298.8692 323.8170 588.7281 925.6498 246.5844 
173.4526 501.8946 398.6857 236.8233 102.6231 535.3156 240.1421 182.7837 674.0044 98.6980 
687.9989 129.0329 203.7793 376.6654 415.6867 419.3506 318.1427 906.9756 708.7785 11.4735 
641.6476 685.8267 288.7910 437.1890 685.0220 222.5456 736.0582 8.8390 811.2738 661.7080 
255.4234 984.7263 163.6026 654.1091 221.5496 266.2257 189.4247 461.6917 449.0094 863.4291 
560.3897 137.0084 992.4620 764.1690 513.6738 408.1487 183.5196 831.8164 315.1243 892.2981 
843.2899 956.7719 578.1248 132.0810 393.9608 263.1469 354.6266 130.0190 271.9859 165.9003 
791.7270 527.4093 150.6266 955.3296 181.5183 372.1762 221.5553 370.9430 833.8679 670.5648 
234.3721 394.2576 807.5731 226.8340 158.4266 321.2469 634.9827 341.9462 153.0633 950.1070 
234.2444 996.3532 906.8789 812.3692 128.4342 300.8397 75.5161 483.0607 430.8587 347.5019 
648.9610 222.5857 874.9112 799.5877 177.9153 56.4295 171.7639 399.4706 427.3725 5.6318 
70.0354 661.7446 399.8893 877.6085 888.5786 558.3159 198.8554 523.5613 900.2621 351.9187 
473.6683 134.5065 348.2719 380.5472 946.8757 476.7061 681.3869 22.3917 959.7668 112.2455 
369.8937 608.7279 334.8312 244.8049 408.3155 512.7465 301.2344 580.0794 912.2172 728.6069 
585.7112 982.2525 390.3515 985.6005 859.8610 278.9301 543.9164 58.7164 802.4914 444.1785 
410.6352 276.1598 578.6850 758.9071 656.7069 525.5607 235.6132 338.0938 547.9524 195.3800 
450.3393 917.8461 804.1079 785.1706 162.6509 212.4234 297.9171 463.8853 792.5028 210.1342 
192.4922 378.2140 192.3868 582.8436 363.8144 52.2478 861.7737 907.7308 110.9643 664.2652 
