959.8720 897.1545 333.0639 883.5519 528.2273 162.8295 630.9694 521.4054 423.7910  60.1615 675.6599 196.7696 
867.3273 569.9375 547.2796 685.4665 854.2796 973.1752 441.3956 481.1473 821.6073 374.8721 722.1350 767.0738 
867.1064   6.3105 955.0730 254.1584 171.0521 916.5119 675.5811 130.9241 813.6664   8.6450  14.4760 341.8937 
171.4746 645.4454 863.2992 595.2656 705.6069 538.9591 792.0352 572.9342 108.8966 339.3148 258.4006 963.1762 
312.4899 699.7962 444.3235 134.0972  74.6683 166.4584 901.1710 941.7748 172.7689 856.2440 195.9332 343.8211 
772.7559 871.5144 474.7452 586.4223 880.1594 489.2212 928.3161  51.6340 134.6666 791.6152 646.8996 840.2735 
330.5743 438.9347 413.2077 439.4708 778.2495 671.6083 402.6470  90.7394 371.4045 846.9705 224.8366 446.0728 
 13.4289 126.0077 387.8476 186.1978 982.2517 583.7808 530.0189 755.0076 455.2952   4.7640 341.4299 335.4546 
493.9852 269.7460 387.0885 628.6518  61.3612  33.9881 468.9252 391.9355 472.9228 882.1329 831.4063 251.1723 
553.7412 234.0533 341.9117 925.1457  81.0238 566.7484 371.2185  94.4527 692.7560 759.0661 280.6505 675.0077 
342.8469 810.6694 430.0153 798.1421 815.4334 771.4453 133.5967 309.4186  41.1913 520.6852 938.0704 102.5525 
554.6733 406.9956 494.4879  27.5962 289.1285 325.8942 278.7685 842.8697 559.9475 620.6802 768.0154 640.9713 
187.4286 139.2339 735.4240 880.1846 898.3000  16.0745 555.1924 241.1469 826.7439 985.2077  39.2890 642.1773 
756.6530 172.8857 951.5959 797.8442 693.5709 889.6662 900.3967 248.2442 296.6618 394.8846 275.8404 585.7903 
720.7788 554.6089 428.6600 280.7264 175.2891 196.6754 921.6977 362.7177 335.9092 657.1217 242.9023 234.2092 
673.1961 798.0947 475.3561 499.9400 783.3024 514.6451 142.1173 539.9553 687.5308  93.7132 337.7995 381.1017 
983.3794 238.1962 629.3460 280.0412 633.0808 905.1864 865.8316 353.8596 459.7952 294.4916 634.5860 635.0843 
491.1670 556.2836 997.8020 827.0762 213.4053 240.7043  61.2854 886.6014  38.7990 536.6415 386.5414 822.1013 
 51.2866 528.6588 362.0567 738.8173 622.3719 699.8562 119.9190 605.7513 938.0524 749.2650 885.7926 571.1332 
654.4514 751.6242 924.9928 114.2466  46.1157 559.5788 749.3309 537.2827 115.8624 747.1329 364.3589 329.2677 
987.8373 425.6442 215.8691  26.6362 962.2857 602.4106 848.7376  13.5722 131.0693 210.7942 752.3896 753.4413 
910.6504 872.3086 359.1926 848.7028 621.5736 244.9852 419.8360 276.0250 996.6093 344.8289 390.2716  42.7251 
